0 0.00000025080406011360
1 0.00000025813808927732
2 0.00000026567865535788
3 0.00000027343133543298
4 0.00000028140185017542
5 0.00000028959606735221
6 0.00000029802000540354
7 0.00000030667983710333
8 0.00000031558189330299
9 0.00000032473266676023
10 0.00000033413881605458
11 0.00000034380716959157
12 0.00000035374472969727
13 0.00000036395867680521
14 0.00000037445637373751
15 0.00000038524537008211
16 0.00000039633340666829
17 0.00000040772842014228
18 0.00000041943854764512
19 0.00000043147213159493
20 0.00000044383772457557
21 0.00000045654409433400
22 0.00000046960022888850
23 0.00000048301534175002
24 0.00000049679887725890
25 0.00000051096051603939
26 0.00000052551018057431
27 0.00000054045804090219
28 0.00000055581452043951
29 0.00000057159030193040
30 0.00000058779633352646
31 0.00000060444383499925
32 0.00000062154430408807
33 0.00000063910952298577
34 0.00000065715156496534
35 0.00000067568280114997
36 0.00000069471590742950
37 0.00000071426387152619
38 0.00000073434000021257
39 0.00000075495792668449
40 0.00000077613161809245
41 0.00000079787538323413
42 0.00000082020388041136
43 0.00000084313212545481
44 0.00000086667549991943
45 0.00000089084975945416
46 0.00000091567104234912
47 0.00000094115587826380
48 0.00000096732119713967
49 0.00000099418433830070
50 0.00000102176305974549
51 0.00000105007554763453
52 0.00000107914042597647
53 0.00000110897676651694
54 0.00000113960409883402
55 0.00000117104242064395
56 0.00000120331220832140
57 0.00000123643442763797
58 0.00000127043054472324
59 0.00000130532253725249
60 0.00000134113290586518
61 0.00000137788468581867
62 0.00000141560145888141
63 0.00000145430736547004
64 0.00000149402711703496
65 0.00000153478600869885
66 0.00000157660993215290
67 0.00000161952538881532
68 0.00000166355950325697
69 0.00000170874003689914
70 0.00000175509540198841
71 0.00000180265467585428
72 0.00000185144761545486
73 0.00000190150467221507
74 0.00000195285700715647
75 0.00000200553650630721
76 0.00000205957579636803
77 0.00000211500826062395
78 0.00000217186805519805
79 0.00000223019012604113
80 0.00000229001022753172
81 0.00000235136494378729
82 0.00000241429171241976
83 0.00000247882884528626
84 0.00000254501553057020
85 0.00000261289179034918
86 0.00000268249837662663
87 0.00000275387665097791
88 0.00000282706863560417
89 0.00000290211760266347
90 0.00000297906958074078
91 0.00000305797562247777
92 0.00000313889327063839
93 0.00000322188371069904
94 0.00000330700032145850
95 0.00000339426782111563
96 0.00000348366141929044
97 0.00000357510984319132
98 0.00000366855327221404
99 0.00000376406858976636
100 0.00000386201847306580
101 0.00000396310607194045
102 0.00000406818438531575
103 0.00000417775730871260
104 0.00000429134056347580
105 0.00000440711399731330
106 0.00000452235300490676
107 0.00000463476946388722
108 0.00000474419782925312
109 0.00000485350142405878
110 0.00000496775572436651
111 0.00000509185967392865
112 0.00000522805329085206
113 0.00000537518115094078
114 0.00000553029518015730
115 0.00000569116623392075
116 0.00000585736230692976
117 0.00000602891148932821
118 0.00000620410346911251
119 0.00000637904601272534
120 0.00000654976312734968
121 0.00000671468620743202
122 0.00000687476259614151
123 0.00000703112456756044
124 0.00000718324886830302
125 0.00000732997465297367
126 0.00000747205816638644
127 0.00000761281441585786
128 0.00000775587208552587
129 0.00000790304988839657
130 0.00000805529146333947
131 0.00000821525901857660
132 0.00000838766029933175
133 0.00000857661352930756
134 0.00000878387512125275
135 0.00000901065475555594
136 0.00000926025965078064
137 0.00000953729575443862
138 0.00000984441990465645
139 0.00001018172720919374
140 0.00001054991911756541
141 0.00001095221306216925
142 0.00001139167731211678
143 0.00001186813744458377
144 0.00001237984400755083
145 0.00001292735327156645
146 0.00001351310886961038
147 0.00001413720025334281
148 0.00001479643356697234
149 0.00001548850655707161
150 0.00001621425249105477
151 0.00001697396141802777
152 0.00001776406567360480
153 0.00001858010326371775
154 0.00001942091998737935
155 0.00002028668606306418
156 0.00002117419607095913
157 0.00002207791755248828
158 0.00002299503602465982
159 0.00002392545123956927
160 0.00002486676253893704
161 0.00002581345719090414
162 0.00002676186107897682
163 0.00002771180099161112
164 0.00002866200996495327
165 0.00002960791322931648
166 0.00003054594296121188
167 0.00003147632291106896
168 0.00003239922946303418
169 0.00003331170893739829
170 0.00003421116305464555
171 0.00003509874250261307
172 0.00003597631286874681
173 0.00003684292809091945
174 0.00003769750753807414
175 0.00003854247825638059
176 0.00003938144353339833
177 0.00004021546380292310
178 0.00004104505339556523
179 0.00004187389631315706
180 0.00004270704669643862
181 0.00004354710037916792
182 0.00004439570740515424
183 0.00004525735119855289
184 0.00004613785568084736
185 0.00004704041276305787
186 0.00004796689586255820
187 0.00004892178971334770
188 0.00004991069087913601
189 0.00005093613566979880
190 0.00005199912548287636
191 0.00005310326656861267
192 0.00005425284428689100
193 0.00005544853126108718
194 0.00005668965172314632
195 0.00005797839623642029
196 0.00005931698861227926
197 0.00006070358001292992
198 0.00006213564244319473
199 0.00006361367934446508
200 0.00006513711294058509
201 0.00006670115471815841
202 0.00006830187547143518
203 0.00006993925186801570
204 0.00007161245290086113
205 0.00007331854906341193
206 0.00007505773769352033
207 0.00007683235816490079
208 0.00007863890235006406
209 0.00008046696414112165
210 0.00008230510657042424
211 0.00008414228625329541
212 0.00008596910207401698
213 0.00008778831291912101
214 0.00008962343787819318
215 0.00009151113517702693
216 0.00009348544238441987
217 0.00009556547197379823
218 0.00009774341586124155
219 0.00009997679634317975
220 0.00010220229935159720
221 0.00010436877481061531
222 0.00010646257571470472
223 0.00010851124380608879
224 0.00011057186239125577
225 0.00011270670121228706
226 0.00011495277013800109
227 0.00011731166995115934
228 0.00011977276908639603
229 0.00012234189484830842
230 0.00012504550560892341
231 0.00012791366224623903
232 0.00013095638710121260
233 0.00013414476985661552
234 0.00013741779687283476
235 0.00014072071897207650
236 0.00014403622151736476
237 0.00014737256963981993
238 0.00015072932352397570
239 0.00015408092715101150
240 0.00015738698162742971
241 0.00016061877575019573
242 0.00016378492051402903
243 0.00016692660544317223
244 0.00017007839274764091
245 0.00017324191989492020
246 0.00017640663417773170
247 0.00017958554164812260
248 0.00018282199189057405
249 0.00018616766256141041
250 0.00018965463979913794
251 0.00019328430956500045
252 0.00019705051921747117
253 0.00020097635706824927
254 0.00020511207984838989
255 0.00020949125678418074
256 0.00021410663259163620
257 0.00021893549294349995
258 0.00022397490833934037
259 0.00022924729587540558
260 0.00023477538421862653
261 0.00024054917199228630
262 0.00024652378187937462
263 0.00025266299405546979
264 0.00025897249599045536
265 0.00026546884755192961
266 0.00027212984564779920
267 0.00027890090782886271
268 0.00028574187983694842
269 0.00029264894574713545
270 0.00029963278824473845
271 0.00030668126200837756
272 0.00031374848371512718
273 0.00032079247288150492
274 0.00032781619914995156
275 0.00033484507345158467
276 0.00034187019786941137
277 0.00034884780252232171
278 0.00035575250637044788
279 0.00036259923861936734
280 0.00036940893043588459
281 0.00037617189489160967
282 0.00038285268144666194
283 0.00038942965983259302
284 0.00039591953756129339
285 0.00040234437682258692
286 0.00040868438171768408
287 0.00041489704740326069
288 0.00042097522489466547
289 0.00042694539325616263
290 0.00043281252558859958
291 0.00043854518238193224
292 0.00044411720804772928
293 0.00044953752379060775
294 0.00045482956780556821
295 0.00045999135953849374
296 0.00046499379850066877
297 0.00046982621238880680
298 0.00047451760318329740
299 0.00047909092121033441
300 0.00048352779695027463
301 0.00048780827294071105
302 0.00049195308586724577
303 0.00049599543373863675
304 0.00049993802506795412
305 0.00050376628959279744
306 0.00050748835906014105
307 0.00051113745593967289
308 0.00051473212491598235
309 0.00051825211609711800
310 0.00052167134292846636
